1644174484870 0.7258854508399963 0
1644174556868 0.818620502948761 1
1644174629194 0.8450742363929749 2
1644174701502 0.8606770038604736 3
1644174772040 0.8725076913833618 4
1644174841942 0.8809092044830322 5
1644174911785 0.8888208270072937 6
1644174981702 0.895605742931366 7
1644175051603 0.9007005095481873 8
1644175121489 0.9055748581886292 9
1644175191539 0.910277783870697 10
1644175261522 0.914098858833313 11
1644175331414 0.9181404113769531 12
1644175401403 0.9215205907821655 13
1644175471357 0.9246068596839905 14
1644175541415 0.9272277355194092 15
1644175611357 0.9298241138458252 16
1644175681337 0.9327144622802734 17
1644175751193 0.9346984624862671 18
1644175821046 0.9365110397338867 19
