1644174484869 1.0834712982177734 0
1644174556867 0.6783220171928406 1
1644174629193 0.5659602284431458 2
1644174701501 0.4969205856323242 3
1644174772038 0.4470479488372803 4
1644174841941 0.4082533121109009 5
1644174911784 0.3767167031764984 6
1644174981699 0.35036659240722656 7
1644175051603 0.32789430022239685 8
1644175121488 0.3083913028240204 9
1644175191538 0.2912333607673645 10
1644175261520 0.27597132325172424 11
1644175331413 0.2622716724872589 12
1644175401403 0.24988076090812683 13
1644175471355 0.23860207200050354 14
1644175541413 0.22827133536338806 15
1644175611356 0.21875600516796112 16
1644175681335 0.20995678007602692 17
1644175751191 0.20179274678230286 18
1644175821045 0.19419565796852112 19
