1644171603703 0.7513594031333923 0
1644171677515 0.8349091410636902 1
1644171750042 0.8577867150306702 2
1644171822623 0.8736099600791931 3
1644171895244 0.8852446675300598 4
1644171967922 0.8955812454223633 5
1644172040605 0.9042276740074158 6
1644172113165 0.9104247093200684 7
1644172184511 0.9167197346687317 8
1644172254721 0.9215450882911682 9
1644172325027 0.9259295463562012 10
1644172395274 0.930069088935852 11
1644172466903 0.9337431788444519 12
1644172539548 0.9369519352912903 13
1644172612245 0.940136194229126 14
1644172684973 0.9425365924835205 15
1644172757787 0.9454514384269714 16
1644172827910 0.9480478167533875 17
1644172899127 0.9500073194503784 18
1644172971727 0.9522852897644043 19
1644173044494 0.9544162750244141 20
1644173117143 0.9560574293136597 21
1644173189781 0.9576985239982605 22
1644173260801 0.9591681957244873 23
1644173330939 0.9608582854270935 24
1644173401136 0.9622054696083069 25
1644173471134 0.9632097482681274 26
1644173541037 0.9640180468559265 27
1644173611138 0.9651937484741211 28
1644173681245 0.9662715196609497 29
