1644171603702 0.9475041627883911 0
1644171677514 0.5922155976295471 1
1644171750041 0.4857581555843353 2
1644171822622 0.4188467562198639 3
1644171895243 0.37014317512512207 4
1644171967922 0.3323906660079956 5
1644172040603 0.30193933844566345 6
1644172113163 0.2768596112728119 7
1644172184509 0.25537940859794617 8
1644172254719 0.23696188628673553 9
1644172325027 0.2208278626203537 10
1644172395273 0.20668919384479523 11
1644172466902 0.19380411505699158 12
1644172539547 0.18242011964321136 13
1644172612244 0.17210566997528076 14
1644172684972 0.16273978352546692 15
1644172757785 0.1541881412267685 16
1644172827909 0.1463327407836914 17
1644172899127 0.13908977806568146 18
1644172971726 0.13238826394081116 19
1644173044493 0.12615860998630524 20
1644173117141 0.1203732043504715 21
1644173189780 0.11496034264564514 22
1644173260799 0.10993249714374542 23
1644173330937 0.10519509017467499 24
1644173401135 0.10079717636108398 25
1644173471132 0.09662433713674545 26
1644173541036 0.0927572250366211 27
1644173611137 0.08905297517776489 28
1644173681244 0.08561909943819046 29
